an0_p,-3.033898891277714,-4.035088834097403,0.20945086446420988
an1_p,-0.36968246264075166,3.825877804038863,2.592643048382574
an2_p,3.6836125407405986,3.7136093268388684,0.17473470963376952
an3_p,4.064736049875435,-0.8343536171418291,2.614688385620916
an4_p,-3.514975262704036,-1.0010534450401993,2.611899957120244
an5_p,3.926566529739807,-3.785779375648486,0.19692182829390426
an6_p,1.1500737583151717,-4.232385847576266,2.6060676498370903
an7_p,-3.1622190943963324,3.348676021506,0.1797870375417553
an0_quat,-0.28070273084000913,0.6545718224596239,0.27500781764845134,0.6458424005692756
an1_quat,0.4586775119834599,0.5331693003906574,0.5164669466636862,-0.4884744928094903
an2_quat,0.6309260409283449,0.32710141192403197,-0.618069637632623,0.33604600910063837
an3_quat,-0.007844269672370174,0.7319767310085815,0.027868701279822442,-0.6807142338634279
an4_quat,0.6854710347511774,-0.04555614993438538,0.7265010439740042,-0.015821846446850148
an5_quat,-0.6286252798204612,0.31326027010613194,0.6431144635568896,0.30512628124698465
an6_quat,0.5054005613741964,-0.4967823645234167,0.5062788634582409,0.49138504991157594
an7_quat,0.21305044734600465,0.6749201823416843,-0.2079005014696563,0.6751811874172738
