an0_p,-3.0400739913644617,-4.029878605797746,0.2086374396157397
an1_p,-3.2322604228535727,3.7560564637264355,2.946689630262403
an2_p,3.676682796054712,3.715609004632582,0.17403476155729386
an3_p,4.104077249319202,-4.274469287062838,3.2020642683316893
an4_p,-3.041510989575704,-4.410450309911892,3.0430580370331044
an5_p,3.917772330969977,-3.786201138515536,0.19753353417151204
an6_p,4.061509380447565,3.8548627765644454,3.1409729774538255
an7_p,-3.168670058421678,3.3521825925451214,0.17908062216020118
an0_quat,-0.26842657191241537,0.6528358866289712,0.2739507125739598,0.6532254493671634
an1_quat,0.5807181987288762,0.4003288423276587,0.6180020831788682,-0.34724143884661113
an2_quat,0.6247447463645454,0.33075376860726197,-0.6204413577413747,0.33962989863384035
an3_quat,-0.2889331249064037,0.742340874819395,-0.3591345863068351,-0.4862818357932102
an4_quat,0.5760206732380673,-0.3943331646331717,0.6554175112573583,0.28832173905198727
an5_quat,-0.6229863976360617,0.31329884787085094,0.6474105782119908,0.30755702479777003
an6_quat,0.3742020605924851,0.6809836103041748,0.47550762222193205,-0.41246410941350314
an7_quat,0.20608390298970708,0.6747366055862166,-0.21146971141535653,0.6764174001047178
