an0_p,-2.4174718660841163,-4.020796001114614,0.18179046793237785
an1_p,-2.820490062889947,3.5250373345173456,2.5874240006860396
an2_p,3.4819322476730066,3.3050399505325867,0.15447010668018804
an3_p,3.4507246660737074,-3.7181145718099624,2.6693201245043428
an4_p,-3.2776160385636026,-3.8689686503275325,2.67389716671206
an5_p,3.2654739320660124,-3.6510796042048415,0.1752474453973762
an6_p,3.8321293068358147,3.652084854209938,2.624927324400282
an7_p,-2.7227724068629255,3.21907986264268,0.15829414514009574
an0_quat,-0.4777575814285574,0.5155113592874482,0.4787024508794819,0.5261555809407699
an1_quat,0.5922666957952851,0.3307804906982237,0.6676019258960484,-0.3067769492075051
an2_quat,0.6000884884626141,0.37946189555014964,-0.5930044412096958,0.3798002218874017
an3_quat,-0.3137165030895968,0.6639643715807995,-0.30781317186669993,-0.6049663793847642
an4_quat,0.651182448182738,-0.3239360293418525,0.6446537073305378,0.23547497892125113
an5_quat,-0.5883702031341337,0.38728132108053875,0.6142903144161584,0.35564180297106235
an6_quat,0.2800977029208184,0.662720670901404,0.3018707931378766,-0.6254763092466279
an7_quat,0.2964532281081876,0.6386098095861609,-0.3000064258320779,0.6436529648063656
